6000 100
   4  30   0  47   0  63  71 126  43  55  49 126  45   0  69   0  41  22  43 146 133   3  21   3   1  97 106  30  88  96  36  44 115 132  85 102   1 148 112   0   0 117 129  43  94   0  24   0 144   0   0   0   0  74   0   0 110  12   8 119  57  65  74 122  21  10  29  34  38 125  47 103  47  44 111 108  81 132  16  60   8 101 138 102  41 110  99   0   0  54 148   8 130 104 100  46  80  66  52  73
 127  27  74 133  31  88  93  81  67   0   0 149 103  14  22   0 107 147   0  27  56  54  68  69 122  38  87  91   0  83  54  93  68   0 125 135   0  40 105 144   0  33  48 114  41 125  37  76   0   0  46  82   0   0  11  49  98 134  38 102  23   0  62   0  79  85   0   9  11  99   0  78   5  24   8 120  17   0 147   4 120  76 149 107 149 117  54  11  39 137 134  73  56 111  51  76  15   3  53  96
  95  74 149   0   0 103   4 120  25  11 118  64  33 132  71 130 108  31   0 123   0 122  70  22 130  89  32  60 105  47  90   8  32  98  51  70 108  12  37  52 129  37  55  64 113  68  92  36 108  26   5 134  77 100  87   0  70   0  92  72  69   0  99 128   0   0  41  37 135  12   2  87  28 121  73 112   0 135 131  44  16  52  86 101 149  14  41  35  12  77  33   0 145  86  56 137  86 139   0 146
 145   0  14   9  57 129  59  41  27  61 145  28   9  40  17  60  78 140 142   0 128  75   0  50  64  54 106  26  62  53   9   0  82 134  88  44  86   0 132   0   6 123  33 100  40  35  52  91  62   0  76   0  90  85 105   0  66  83  77 134  90  63 141 109  38 140   8  53  30  87 118   3  91  70 110  41   0 148  50   0  74  57  41  44  36  87  39  11  62 106  66   0  36 121  39  71   6 100  34  52
 128 125 100 126 124 137  39 111  67  25  70 139  88  66 104  29  52  65  45  61 106  32  63 147   5  16  92  91  47 130   0   0  56  48  26 130  23   0 136  22  94  58 127  25 114  24  44  62   0   0 129   2   0  42  82  69  26  36   0 134  38 103  62  64 132 133   1  87 139  86  58  13  77  41 100   9 113   0  31  23  95 146   0  39   0 143  22  42  76  48  12 133  58  72 119 101  42 136  12   0
  58 116  15  42  35  15   5 146 103  50  83  48  14 119  81 101  47  84   0 135  96   0 108   0  98  89  65  76 106   0 145 121   0  81  69 124   7  26 105 122  21   3   1 148 142   9  36 115 121 146 117   0  54  41 140  40  41 131 127  30 113   0 114 102  99   0  36   0 109  30   0  39 112 110 136  24  24   0   9 133 133   0  99 121   5  78   0 112   3 106  84  44  77  71  49  16 107  96  34   0
 106  83  49  45 148  87  59  51  41  64 114  16  89 122  27  11  94  10  22  24  88  61 134 135 125   0  80   0   0  65 102   6  12 139   0 100   3  17  35  81  96  55  66 114  51 139  62  39  62  77 143  40 102  32   0  94  42 112   0 134   0  55   5  19   0 129   1  48  65  93  82  18  14  52   0  12  73  91 134  27 144  40 109  65   0  18  45 116   8  98  18 123  92  41  90 127 130 133 124  95
  69  64 106  30 123   0  35 105  12   3  69   2   0 148  14 119  13  84 110  12  55 120  43  99  38  16  57  76   0  22  75  41 133 129 132  66  59 134  20  36  83  94   0  47   0  55   1  93  94  11  62 115   0 116  97  57   3  97 143  95   2   0 102  97 119  17   0  89   0 114 104   0 118  70  74  81  38  46  27  72  15   6 127  52  54  40  72 105  69  36  94   8 115  10  22  15  25  78  21  85
   0 133  45  65 100 115   4 100  29 149 101   0  18 147  21  42  50  97   0 144 122   0 102 107   5  62   0  22 134   0  36 114 108  96 124  29  99  15  10  19   0  97  58 136  27  89  77  51   0 146 131 127  56  97   6 128 139  61  38  15   0  66   0  68 146  59  67 103 147   0  15  71  52 123  81  60  64   0  52  45  36 145  13  37  56  39 101 129 115  97 129   0  83 110  22  33  41  97  82  44
  27 124  51  60  46  57  67  52  81  50 135 100  30 101  31   0   0  92 136 112  37 128  33  36  11   0  93   0   0   0   0 103   0 142 130 113   0 100   0  30  78   0   0  57  38   0   0  95   0  62  66   0 103  22  52 144 138   0 139  37   0  53  54 121  76 107  81  52 122 109  14 145 118  78  89   0 144  12 105  72  36  78 122   0 128 128   0   0 113  87  12 104 143  34  91 121  74  60   8  52
  29   0  11 147  76   0  80  85  70 147  48  34 138  53  98  40  70 119 131  76   0 117   0 119 115   0 134  40   5  66  68 134  86  93 113  41 102 132 116  76  75  43   0 100   0 143  28   0   0  25   0  80  26   0  68  64   0  55  53  83 122 137  91  52  65 120  59   0   0  60  91   0   0  25  25 127  49   0  82 102  52 116  70   0 117   5  69 132   0  98  31  26  61   0   0 128  19  15 138  70
  69  71  46  23  59  47  24 131  15 129   0  69  95  69  49   6 144  90  52   0 122  28  43   0   0  77  24 120  64 132  47 110  70 130   0 107  10   0  26 101 119   0 101  77  53  80 100  32 138  19  48 111 109 103  24 105 114  37   0  59  84  30  45  33  73   0  66  28 100   0  12   7   9  23  22  40  67 114  80 140 121  81 106  47 145  24  70  58  55   0 142  33  88  64  64  57 133  80  37 127
  10  23 138  99 133  40 114   0  66  35  79 111 109   0  15 109  20  57 121  65  21   4  51  21   7  83 132  19  98   0   0 126  21 127  53 113 146  17  14   2  26 122  68  34 147 119   2  41 118  53 117 109  14  74  93  54 140  27  38 106 131 105 120 101  94   4   0 137   0  20  53  28  26  51  83 148 136  58 123  91  50   0  34  95  40  91   0 121  72  16 120  92  71  71   1  44  45 121 124  91
 138 115 122  73   9  14  51   9 143 129  55 112  98   0 105  11 124 110   0  33  81  57  49  98  91   7  39  37  52  48 101   9  24  57   0  66  62 112  63   0   7 148 112   0  73  57  30  56  67  84 116 136  88   0 141  82 101  72 142  71 110  57   0   0  95 149 130  82  46   0   0   0  96   0 114  76  85  36   0   5 133  43   7   2  13  29 119  51  79  76  68   5  80  98  77 122  63  49  42 107
   9   0  23   3  64  55  31  18   5   0 147  88  14   0  87  64 122  80  41  79  72 105 117 107 132  26  18 128   0 101  96  93  84   5 103   0  20  83  70 114  79 100  51 141  57  89  11  21   4 148   0  25  72  16  19 105  59  98   0   1 111  34   0 140  81  98  77  16 148  40 136 102  36  97   0 120 144 115  83   0  86   0  16 117   0  82  77  89 117  44  62  25  52  65   0  11  98 102   0   2
   0  58  80 107   0 115  64 110  73  66 100 121 148  84 143  96  54 130   0  39  66   0  55  58   0   9   0 115  20  80  87 109  61 131  37 115  55  71 132 116  17  78  33 102  66   4  89   0  38  78  37 107 134  86  66 104  85 104  88  26   0  98   9  54 142  15  82  35  63   0   5 100 147  92  39  35 114 123  71  64  85 113 102  83   2  55 145  63  57 128 106 117  98 112   5  88 144 125   0  77
  26   0 134   0 112 105   3   0   0  68  97 101 125   0 136 128  56 128   0 107 112  78  38   0  79  93  36 105 104 129 125  45  13  74  16  49  57 111  82  83  73 133   0  25 111   6 131 101  25 109   0   3  93 142  16 140  21 146 124  87   0  74 148  91  54 134  50  65 100   0  92 133 105  95 119  30   0  12 126   4   0 102  41  92 126  61  90   0   0 112   4 138 122 106   0   0  22   0  33  54
   0  45  54   0 104   0   0   9  50 146  54   7 140  86   3 123  75 110  22  98  48 126 100 143 120 128 108  53  51 105  85 146 105 116   5 102   7  78  78  63  67   7  88  98   2 120  12 119  82  48 128 112 117  10   0  77  27  39 108 121   0  92  17  50  15  92  97  52 137  66  44  48 135 124  99  60  33 116 124  83   0  78  94  40  80 117 144 108  49   8 148  10  33 137  80  35  51  83  57  68
  81 115 123  37 109  72  39   1  42 131 141  20  75   5  98   0 104   0  31  85 146  13  87  16 102 120  98 129 146  38  19  91  12  90  65  57 135   7 109  84   9 110  81  12  83 109 138 101 143   7  26  28   0   0 110  27 141 112   0  67   0  27 126  86  53  83  83 107  84 104   4 121  14 125   0  98 106  73 139 143  43  30 105 125  12  55 138  66  77   0 146  68  72 141  91  77  12 122  86  28
 106 111  59  26  15 148 121 147  98  40 106  21  36  87  61  30  55 133  20   0  98  73  52  31  77 115  76   9 101 136   0  84   0  67  70  77   7  24  88  57 149  79   0  41  15  77   0  18  12  91 149  71 123   4   9  41 122  30 145  62  71  88 105  65  50   0   0   0  55 106  18   0  18   6   0 127  83  43   0 140  57  90   0  15  91  91 114   8  80  65  56   0   0  65 148  40   0  56  87  94
   2   0  52 111  12 119 120  96   0   0   0  78  64  95  81   0   0  63   9  50   0 104  41 145 145 115 114  57   0 137  93  94 138 122  39 106 130  26  11   5   0  87  13  12 100  62   0  14  81  39   4  90 132  55 141 107 118  71  30   0  87  96  19  11   0   0  54  25  32   0 104  37  69   0  84 131  67  75  95  67 130 108   0  33  36   0  74 105 111  46   5 115 149   0   0   0  94  89 121 105
  18 120  54  57  38  47  90  81   5  42  95  18 100   0 108  98  53  78  41  10 140  57  44 118 146  36  19  80  53  72  82  59  74  77  93  33  35  11   0  85   0  45  63  72   0 125 120  40 106  97  55  86  24 106  14 145  53  58  79 103   0 122   8  67  92 104 138 121   0  56  28  34   0  50   0  74   0 142  22   9  33  43  43 137  20  55 127  87  58 135  94  59   1  90 113 147  39  98  25  26
  33   0 122 140   0  43 123  18   2  57  22  28  63   6  53  34 130  44 116 111   8  54  79 141   0  70   0  28   0  87   0  88 102  93  98 109  94  92  25 108 129 107 111  83  57  58 112  94  78   0   6 124  76  41  64  99   0  33  80  50   5  70 146 101  87  47  45 122  37   0   7  98  36 127  13 137  60   0  43   3  24  88   0 145   0  23  18  76 112 104  48  90 138  25 147 109 123  46   0  59
  39  55   6  13  11  49 140   0  50 138 130  52 116  94   2 118  97 121   0   0  11   4  46 142  61  80 127   0 115  95  77 103  15 106  32  98  29   0  85   8   0  67 145   7  44  40  21  83 118  19  71  23 102  17 107  90  67  12  46  45 136  52 135  86 146 142   0  59  21  68  88 127 129 148 132   0  13 113  60  88  62   0 104  89   0 134 134   0  23 100  81 137  63 118  88 113  44 129   1 131
 103  39  60 102  16  19 111 146  23  69  68   0  37  85 127  74 122   0  65  61  39   0 125  37   0  31   0  65 106   0 108 125 117  22  33   0  33  84 129  63  60 104   1  40  28  25  26 118   0  48  31   0  27  67  52   0  55  76  20  20  77  93 142 116  60 126 120  56   9  40  70  63  13   0   0   0  85  88 100  93 137   0 125   0  73 105  11  26 106 133 132   0  73  17  14 113   0  35  19  22
  17   0 106  17   0 145 105 144 125  42 139   0  43  76 138  11  63  55   0 111 132  23  11  12  40  24  92   0  20 130  14  63 146   0  86  94  20  28  38  36  95 105 121   0 105   0  79   0  52  99   0  65 132  39  22  24 135  58  95   5 145   4  17   0  83 141  20  22  36 109  40  78 147   0  82 130 141  18  73 103  38   0  56   0  72  61  98  76  73   0  11  87 141  51  75 142  93  56  76 146
  31   0 123  12 139  85   0  28 117 146  96   1  41  96  62  73 134  44  44 117  70   0 118  45  52  95 111  17  30 104 113   0   0  19  61 125   0   0 141  30  10  66  67  11  35 120  49  73  64   0   0   9 103 120  26 141   0  85 101  64  41  52 129  17  75 101  86 125   0  32  35  63  22 143  81   0   0   0 148 134  81  94  33  32 112  81 118   6  15  99 135  40  82   0 116  13  80  64  29  13
   8   0  23   0   2  91  77  31  10  97   7  59 111  41 126  11 104 132  29 134  18 134  67 114 105  79  79 141  16  94 139  20  15  89  51 106  22  50 128 134  96   0  71  37   0  96  82  37  75   0   0 143  80 147  55  58 149  18  57   0  20   4  16  63 103   0  85   0  88 104   0 128  29   4   6  33   7  94 124  62 106  73   0 125 120  82 113  68   0  25 113   5  33  63  45 142 117 126 149 118
 102 115 135  11 123 148  86 138  66 136  10 114  70   0  57  37  18  40 126  79   1 148  70  41 110 135  98 115   0   6   0 113   0 147 141 118  91 142  15  93  13  90  12  12  38 123 129  25  55 106 101  69 139 142 146  77  56 109   0 118   7  21   0   3   0   0  41   0   0  36   0 108 124  62  63   0 114 108  54  97  30 111   3 110 147   7   0  27   0  61 145 144 142  84 144  97  59 100  82   7
  71 125 146 121  86   6 123  36  28  73  45   3  66  38  66  38  63  35  10 129  43  64  83  33  32  77  72  27  23 112 149  56  63  27   7 120   7  23   0  52  18  66   0   0  59   0  14   4 107 143   0 110   0  18  12 115 132 115  94  21  89 104   0 109  26 136  97  92  58  18  21  84 105 149 103 140  11   8 127   2  60 104  79  43  14 146 126  36 113 144  11   0 117   5 108  47   0  85  87  25
 108  81  85  94  49 132  93  75 115   7   0  56  72  83  17 130 137  24  76 130 148 107 101   0   0  50  65  51 141  84  33  14   0  74 122 147  26  31   8  65  54 115  28 148  84 147 116  61 103  71  44 139  77  84   0  32 140  89   0  16 106   0 148 116   0   0  62  90  31   0  78  36  14 119 105 116 109   6 115  96 141  63  32  46  82 107   3   0 122   0  45   0  73   0  20  10   0 113 110 135
  90   7   0 142 147   0  44 111 128  41 103 129  61  76  48  66  46   3   0  37 103 111   0 121  47 111 136  22  32  35  16  46   0  71  67   5   0  94  89 129 120  94  94  70   0   0  68   6 125 102   0  83 109 109  92   0  80 130  72   0   0  46   5 148  27 141   0  86  31  61  41 149  16  41   0  17 138 127  53  42 144 131   0  93  21  51  80  74   5  68  19   0  40  98  76   0  88  44 118  65
  87  14   8  13 124  65  10  59  91  80  72 109  80  53 133   0   0  74 110   3 128 107  25  20   0  86 133  58 113  39   5 137   0 143   0  42  30   0   0  95  91  92 133  82 140 101  14  40  67   0 141  48 101   6 107 111 112  71   0  45  29  66  99  85  78  76   0 103  15  94  32 141  74  28  48  94  57  98   5 125 143 106  30 101  46  57 123  83   0  63   0 110 103   6 111  10   0 146   0  28
  83  29  99  95  90   0  48  60  64   0  15  52  93 120  95  78  83  73  52  87  94   0 140 119 144   0  47  95   0  77 130   9   3 128   0  33  10   0   0  31 126  83 100  64  60 133 101   0  19 136  28  35  50 115   2  84 135  86   0 100 112 132  44 127 134   5 149  30  31 101  15  70  51 120  20   5   1  15  16 145 106 100  96 141 108  86  63 137  68  28 136  91  15  51  61 130  86  48   0 148
  49 136 120  63 105   0  93  63  66   2 129  15  14 103  61  93  13  32   0  59  94 105 135  85   3 142  25  13 113   0 132 128   2 104  51  73  12  85 104 118 114  16 142  47  62   0  44 129  26 118   0  29   0  76 108  19  65  29   8  92 124  20  90   7  49 117   0  49   0   0 122  97 121  85  18   0  85   0 145  16  81  86  68  49  49  51   0  46 142 136  87  79   0   0  39  36  13  51 113  68
 124 120   0 105   0 115  18  56  91   0  28  41  51  95   0  62  77  56  43  28   0   0 144   0   0  17 130  51  85 101  18 147 143  43  10 113   4  25   0  76 100 127 123 113 107   0   0   0 116  50  29   3  91   5  99 116   0 100  44 127  79   0 113  87  49  38  91  57 119   0 117 136  98  67  89 106  69  71  23  69 112   0   0  69 128 106 133 122  44  25   0 100  85 104  21  60  64  87  91   0
  55  38 120  29  46 100  19   0   4 118  78  15   2  10  83  32  71 102   0 125  17  58 133 117 134 135   0  66  62  69  32 125  19  26   0  63  70  49 112  41   0   8  25   0  77  86 100  79  66  17   0 111   0  62  33   0   0 100  88 119  54 120  67  24 143 118   0   0 120  33   4 113  62 128   3   6  41  27  97   0  79 148  18 135   5 148 136  81 113   0   6  34  48 106  78 113 124  26 128  55
  23  82  40   0  68  45  10   0  47  81 146  35  33 102  13 142  33  27 130 114  98  86  67 106 131  43  43  58  34  24  95  95  64 122  32   6  24 120   0  83  50 144  13   0  35   4  53   0   1 133  46 120  76   0  72  57 112   0   0   9 115  20   0 141  44 105  70   0  34  62 100 115   0  87   0   0   2 113   0  83   9  58   0  66  56  44   0 104  89 112  23  93  34  42 132 139 111  87   0   3
  36  55  30  11  98  56  14  92  39 112  32  61  67  81 108 136   0  34  67 139 108 109  44  84 126  36  98  17  35   0 148   0  25  89  87  36  64  79  39   0 139  20   0  64  28  18 135  80   6  59  24  94  57  60   0  31  84  10  52  17  35  74   0   5  35  13   0  84 106  14 127 115  62 106  63  73  41  19  21  34   0  99  34 144 139  10   0  54  10   0 116  78  69  89  80  20  10   0 106  13
  76   0  75   0   0  87  91  92   0  49 147 120   4  81  74   0   5 148  48 143   0  10 102  24  89   0  49   0  53  85   1  32   0  24  18   0 135  47 109  88 141   1  57 136   0 136   0  69  89   0  29 125  71  58  69 142  26  70  28 149   1 113  81  58   0 133 143  95  67 134 130  75  93  64   5  55   8  37 116  26   0 144 118  28 131  26   1   7 117  51 115 144  59  21  75  41 116 116  34  59
  53 106 103  97   0   9   0 114 147   7 109   0   0  73  91 143 103   0  16  25  32   0 108  82   0 114 147   0 114  27  40   2  84  10 134 143  48  87 112 149  32  34 107  80  11   0  27  81 112   9  54 100  17  68 105  28  98 136  71   0 101  14   0 149  70  60  11  86   0   0  29  50 123 148  61 135   4 145  79  22 105  19  38 128  96   0  20 136   0  39   0   0   0 114 109 126  45  21 147 118
  73   0  50  94  13  80 137  65   0  94  97  42 109  26   0   0  21  83   0  56 125   0  91  88   0  81   0  30 139   1  57   0 131   0  39 118   5  19   4 137  94 103   0  77  51  36  93 134 100  62  67  90  58  71  96 142 135  60   0   0   0  19  19  26  13  83 137 127 134 136   0 134  71 148  76   0   0  13  85  83 117   0  33 106  73  84 145  36 112   1  37  89   7 123 101  78  23  56 103  88
 125  56   3 112  44   0   0  94 127  27   5  44  42  29 100 101  97  27  88   4  80 129   0 146  76  48  58  77  18  39  19   0   0  35  73  72  81  13 122  91  96  44  55  42  67   0 117   0  45   0   0  30  20  97  66   0  89   0  79   0  87 146  24   0 148  29   0  74 111  75 144  74  29 133  56   0  23  69   0  31  13  57   0  93   0 146 147  39  94 126   0   0  40  65 104 108 100 100  55  41
 126  78  61  15  52  38  60 110 125  29 145 121  81 114  38   0  11 136  62  14  99 148 136   0  36 135   0  76  53 130  79  22 139 112  29  94  94 121 106 115  52  53  94 132 137  88  75  94  29   0   0  90  10 139 123  74   0 107  35  38 116   4   0  49  16 142  23  97  73  11  85 117 111  96   0   9  94   0  34 119  66 147  60 107  62   0 129 134  32 131  58  88   0   1  95   7  25  55 104  15
  75 108  49 128  26   0   0 143 101  69  13   0   0 114  29  91 116 148 124  43  35   0  14 112 125  49  69 111 117 100 118   0  81  46  62  53  67  50 119  22  68 123 132 144   0  12  30  86  74 136  35 134 142 119   3  18  63   0  45  24 114  61  57 136 113  25  80  51  36   6  36   0  30 115   0 107  95  24  31  60 117  98  58  79   0  78 106   5 107  47 105  96  16  64  68  10   0 137 106  38
  47   0 141  85   0 122  52 124  14   0  70   0  66 133  67  21  80   0  88  60  86  19   0 141  22  82   0  85 124  99 101 113  25  46  95  10  85 100  24  18 135   0  37  21  61   0  44   0  59  92 134  32  67   0   0  25   1  79  52  20  43 114   0 146  39  25   5 112  34 125 138 107  89 132  29  69   0 128   0   0 118  72 144 113  14  83  88  10  38 128 149   4  57  67  83 129 103   8 139  52
 109  17 117  17  19 123  10   3 140  52 138  90   0  34  69  11 114  91  31  58   0   8  62  54   0 145 135  90  91   0 120 140   0  68  55  32 101 138 120 141 142  39 133  91   0   0  98 100 109 102 118  35  65 123  43   9   7  39 140  87  70   0  90  37   0  15  49 107   0   0   0  49  46   4 127   0  72  45  86 122  24  24 119  35  73  91  30  26  53 137 119  18   1  25  90 106  17 141   0  32
   0  67  11 115 145  19  71  86  28  58 145  92   0  31  18   0  83  32   3 136   0   8   0  87  64   0  95  22 143  32   0  63  96   0  31   0  10 135  24  43 107  10  52   0 141   0  85  49   0  27 123  88  40  14  46 105   0  33  50  50  83   0 122   0   5   6 106 135   0  86  50   0 129 117  72   0  71   8  76  60  52  72   6  40  88  86  64 137  77  74  78  32  38 116  42  10  48  77   1   8
 145 135   0  84  20 141  66 120 139  69  15  94   0  34 133  66 114 132  45   0 126  79  51  57  45 133  33 110  83  38   0  28 138  91  56 142  36  18  93 127 104 133  85  60  83 119  47  88  72  18 106  14   0   0   0  30 140 126   0  71  45  20  78  86  31  51  10   0  52  11 148   0  46 109 113 113   5  75  71  26  23  65   0  34 146 144  44   0 105  48  29  68  24  20  13  90   0 124  23 117
 111   5  62  36 109 145  58  21 147   0   0  75 121 119 104  50 129 149  31 117  72 100 136 144   1 123  64 149 124 112  17  86  86  41 101  51  99 121  16   8  19  21 138  96 113   0   0 104 148  82  52 143  85   0 120  59  96  84 102   0  14 116   0   0  17  85  53  59  76   5   0 120 122  31  58  63   0 102   5 107 112  11  13  25  81  78  12  58  20   0  22  26 102  74 125 124  81  51   0  48
  73   0  82  95  14  57  90  64   0 146 140  10  60  60  66  80  41   0  29  47   0  33 106  98 118  24  67 131  75  15 105   0 114  80 130   0 144 100   0 106  53  40   0   0   4  95  73   2  73  96 146   0  17  33  27 140  27 138  47  45   8   0 136 131  83 126  98 132   0 107 132  33  10  61   4  38   0  22  65   8  35 140 102 130   0   0  40  48   0 115  47  96 149  44 113  85 125 125  33   0
 144 135  74  93   0   1   0  46   0   0  40  89 129  35 105   0  18  97 112  71 100   1  84  27 101   0 102  31   0   8  38  62  18  67  16   0 101  59  94  93  99 128 146   0   0  73   0 141   0  91   3  17  48  98   6  76  77  81  11  63 136  56   5  84   0  23  81 107   0  64  72 105 116  86 147  22   0   0  92 114 143  36  55 103 121   0 114  50  93   7   0  35  20 125 134  28  79  87 133  44
 130   0 131 122 134  74  61 111 143  69  93 132   0   0 145  19  77  39   0 112  77   0  46  38   0  23   0 110  20  93  95  53 121   0 114   0 129 113  13  40  49  99  70 143   0  66 112   0  41 121 136  76  69  39 100  85  91 146  14 111 136  91  66 119  62  76 105  99   0  24 135  96  82  78  72  61  84 129   1   0 143  83  93  44  81  78 133 108 147   0 102  69 103   3  39  36  37  94  28  61
 106   0  72   0 117  14  47  36  75 107   0 122  92  14   0 145   0  20  66 123  77   0  23 138  22 142 136  13  39   0  31  34  65  42  30  58  64  31 118   0  23  92   0  26 114  43  32 108   1   0  64   0   0  48  79   0  77  31   4   0  29   1 108   0   0  47  32   0  38  78 141   0   0  42  35   0 128  73  16   0  64  17  44 106  79 113 140  11  55   0  72  48 108  18 127   0  54  18  90  77
  68 135 123  23   0  46   0  75   5 129 112  63   0  77   6  41  62  32 109  33 125   0   0 143   2 125   0 121   0  45  81 104  59 118 149  83   0   0 138   0  47  98  78  91 124 117 106   0 148  25 136  49  49  15 108   0  84  26   0  57  52  97   5  15   3  42  81  80  40  53  11  63 110  93 141  82  50  54  76   0   5   7  18 119  62  51   0  49  33  64 117   0  86  18  62  36   0 106  61  80
  28  45 110 122   0   4  97  32  96  90 143 123  33  61  14  92 102  27 136 133 120 130 120  12  73  52   0  85 105  53  78 145   6  76   0  23  94 113 125  11 110 120  16   2  53 126  24  99  36  58 124  65 101  43  88 135 118  44 113   2  21  68   5  17 101  44  48 123   0 122 138  91   2  52 115  10 116 105   0  88  28 106   0   2  90 149  32  75  51  98  86   0  16  39  55  36  67 142 113 130
  90  84  57 115  61  52 108 103  67 149   0  17  87  93 122  37  46   3 123  61  69  30   2  35   0 143  31   0  96 143  78 120  64   0 145  19 117  19 147   0   0 135  21  60 118   0  45  15  44  89   0  23  99   0  33   0   7   4 102   0  52  17   9  15   5 125  77   0  94   0  81  77  31 112  54 125  62  75   4 119   0 142  14 126   1 129  44  35   0 143   0  81 123 121  61  70  75   0  57  48
 149 105  24   0 126   0  35 126  70 137  12  67  41  22   5  71  25 145   0  92   0 109 109  13   0 111  15  95 132 100   0  48  25   0  22  48  28  38   0  94 115  18 141  41  89   6  23   0  47 142  29   9  48  56 141   9  37 146   9  35  90   9  89  53  40  94   9  41   6  50  57   0 101  95 137 109   0   0  91   0  11  23  13 146   6   3 143  93  16  31  79  48  12  73  70  25  44  18   0  79
  42 140  74  77  57  60  91  29  96  87   0  37  76  39  77 115 146   7   5  95  21 100 136   4   0 124 114 142  86  35  85 110  36  68   0 116 111  36 105 144  27  66 122  57   9  31 103  33   6   0  47  87 131 132 141 116  22  16  21  66 139   0 117  49  88  40  16 121 140  61   0   9 102 132  10  26  27  45 105   0  13  76 126   0  94 131 130   8 133  69 119  84  76   0  98  84  17  19 116  29
  83   0  18 124 114   0  67 138 131  14   0 137  25  53 135  37  58  54  77 143 143  34   0 128  81   0  48  23   4  63 113 125 147 134  63  75 136  66  83  84  81  62   0   0 134  58  25   0  75  18 101 105   8 113   0  65  14  58 139 121   0   0   0  90  43   0 112  45  88  62  21  59   1 146 138 145  60  73  59   0  10 110  76  94   0 147   0 102  85  68  76  85  98  83  32  27  13   0 121  70
  30   3   0  11  63 135 119  60  56  14 139   0  55   0 127 145  25 137 108 144   0 144  96  72  24  56  61  19  77   9  12  28 118  50   0  29 101  64  27  83   5 139  38  89 119 146  55 137 123  27  18 100  69 131  22  69  21   0  69  96 105 126  54  11  59   0   0 112  84 140  14   0  94  14 112   2  24  59   0  56  60   1   2  76  90 123   0  32  62  41  94 110  29   0  67 147 144 121  31  19
  76 107 103  16   8 148   0  82  30  57 141  99  74  44   5  87 122  15  54 123  32   2 143 101  64  91  42   0 140 129  57 132  17   0  78  84   0   7  88  61  76   0 137 147 103   0 142 110  15 114 110 119  79 132   0 103   0  19 119  23 120   2  75 113 119  44 108   0 141 141  50  73  38  97 105  69  98   7 113  75 136  62  62 107  97 147  54  68  19  53  76  31 136  51  47   0 138   0   0   6
  94  11  61 110 100   0 113  85 116  29   0   7  97  50  30  52  39  16   9  87  52  55  74   0 106 115  32 111  89   0  65   0  64  29 137 139  20  36 102  83  82 117  34  57  81  95  71  69  65  44  81 134 144   4  59  59  17  53  51  21   0  45 149  79  52   3  22  66  31  87   0  84   0  85   0  88 113  41  71 126  11  45  87   0 105  26 138  19  18  97  86  50   0   0   3  50 109  61  16 117
  86 106  56  53   0 112 132 103 105  81  44  59   2 129   0  64   1  48 121  81  93  71  53  35  29   5  44  48 124  53  97   4 133  23  75  65  68 123 147  12  52 110 117  88 104   0  23   0  44  12  45  32  11  36  99 137   0  10  59  84  61  87  66  49   0  59  58   0  24   0 112   0  47  91   0 107   0 148 100 129 136   0  65 108   0 111   4   0  15 112  97  72  96  84 130  26 138  85   7 114
  49  23   0  96 137   0  83 146   9  83  92   6  99   0   0 139 101 100   0 119   0   8  97  60  46  43   9 149 104 108  34 126   0  69 131 149  24  95   0  50 148 100  60  31 144  72  28 121   0   0   5  45  10 118  55  96  14  88  88  46  46  61  68  66 137 108  33 122 101 133 124  49 147   0  62 146   0  37  35 140  24  96  92 101  19   0  40 120   0  14   0 104 124 149 103 110 138  70   0   8
  45  11 133  74  41  29  64   0 108   0  33 117   8  71  12   5   0 148 126  63  70 128  20  88  92 136 123   8   0   0  45   0 100   0   0 132  94  78  24  77   0   4  97  19   0  91  12 131 109   0   0  43   0  51  72 140 149   0 118   0  83 140  40 139  42   0   6  52   0   0 108 115  67 145  27  32  90 113   0 126 103  42 119   1 116  84 138  18  69   0  46 126  58  94  39  72  97 148  89  13
   0  88   6  68   0 136  81  55  39   6  22 126  23  80  77  12   0   0   0  47  57  48 120 104   0  33 106   8   0 146 118 117 118 145 134  63   0 119  59  26   5  48  84  75 104   1 149 103   1 143 132 131 113  46  59   6 118  61 111 141  92 141 121   0  46  22   0  57  89  96  64 133 101  84  19 109  55 129  81   0   0 148  32  23 120   0  43  40   0   0  24 134  52  90   0  19 132  79  84   0
 133 100   0  51 111 137  81  15 128   0   0  79  44  88  74  54  88  46  57 115 124  58  70 148  82   2   0  61  32  64  58 116  81  93  60  17 109  36 128  68 140  43   0 108  54   0 117  22  77  82  34  65  31  98   0   3 107  78  72  55  46 128  27 149   0  77   0 107   0 144  71 107   7   2 122  92 145   0  65 104   0  79   0  26  80  33  35 109   0  17 100 101   0   0  90 143   0 139  41  22
 146  84  74  54   0 118  28  92  50  97 149  46  15 105 129  64  36  54  52  15  90  93   0   0  33  67   4 125  64 127  38  12 106   8  27 114  80 142  85   0  50 119  98  98  31   4  87   0  65 131   4  43  58  85  71 130   0 107 124  60  48  49 125 100  27  18  95 132  32  88 119 133 127   0 138   7  76   0 124   0   1 120  36  93  74  22  74   9   0  27 138  74  52   0   7 134  74 118  13  59
   0   0  97 114  95 111 127 137   0   9   0  69  93  83  29   0 106   0  95 128  51 135  45 113 144 108  66   0 103   0  87  97  29 127 102 124   7 123  76   0   0  48   0   0 100  39  73  42  87   0 109   0   4 138  82 129 131 142   2   0   0 120  82  77  79 106  30 104  81  23  99 104  82  55  81  83 145  87  91   2 132   0  72 125   6 106  45  14  23  66   0  83  43 106 140  80 135 128   0  91
 101 146  77   0 145  73  78  76  31  78  52 127  73  97 141  18   0  16  22   0 106  49  88  48  40 103  63  71 129   8   7   0 101  83  78   3  77  36 103 100 118  83  14 124  84  94  89   0  77  67   4 126   0 137  42  39   0 120   7  85 143  11  49 111  99   1   0 112   0  58  53   0 122  93   0  33  97   0   0  81   0 116  49  16 100  99   0   3  90  60 128   0   8 135 137 101 102  48  49  70
 103   0  12 145  98  63 114 143   0  81   4 131   0  26  58  65   6 125   0  68 132  76 149   0  66  62 142 114  70 109  96  39  16  54  47 119   0  20 126 104  62  71  46  15   0 144 141   5  68 144  31  35  45  18   0  48  42   9  71 139  13  83  69  86   8   0   0   0   0 128   8  54   0  19  72   8 139 108 135 135   0 133  62  75  11  45  61  99   0  99  35  26 121 144 122 109   0 149   0 120
   0 124 143   0  63  68 128   0 124  81 140  75  50 103  75 126   0  77 127  51  53  24  92  75 104  35  63 126   0 110 147  40  82  91  46 148  60  16 123  42  60  13  82   2 123 125 100 104 143  22  31  94  81   0 106  73  82  75 142 123   0  88  82  70  80 140  10  59 111 128  40 142 127  90   0  42  45 102  85  49  54   0  53  11  91  88  62  41   0 124 137  91  81  52  92 140 109 139 138  79
 135 142  83 116  53   9 109  32  59   0 141   0  40  15 123  24  34   0 136  26  20  19  96   5  29  94 101   0  87 148 109 124  49  78 116  30 102  56 142  76  60  17  32 104  90  15  52  10  21   0 143  40   0  85  68 140  56   0  10  39   0  65  80   0  21 149  76  48  96 147 127  70   0  50   4   9  43 131  44  76 144  79 139  64   0   2 131  41  91 117  99  76 108 143  38  90  63  43  47  87
  76   0   0  50  16  46  69  90  27   0  43  76  52  31  14   0  36   0   0  13  55  82  16  63   0 127  96 149   0  99  14  57 137 109 138   0 142  73 133  46  52 144  16  60  26   0   8  97   0  11  39 101  59  89 142  78   0   0   0  27   6   0   7  13  77  77 108  27  31 108   0  42 100   0 128   0  50  64   0  78  89   9 112   1  46 136 114  62  65   0 134  91 147 109  40   0  78 106  60  98
  58  40   0  91   2   0  26 104  16   0 147  99  68  31  65   4  16 107  87  12 112  96  15  84  77  64   0  30  88  73  31  73  87 126   0  67  60  64  36  89  86 105 138   0 140 133  76  52 103  22 118 132  22 147  21  74  98  58  39  43  86 102  78  11  76  81 108 104   0  14 108  78 107  13  64 100  94 146  99   0  43   0 143   0  67  25 110   0 141 136  66   0  77   0  34   0  39  92 148  19
  20  64  25 144  48  64  56 138  79  24  89 123   3 145  60   2   0  51  69   7   2 102 135 123  64  61  79   0  10  14  38 110  95 146  98  46 142  45   0 130  25  66  84  25 112 103  55  28 138 108  79  12  42  91  82 112  57  55 112 139  66  23 108 129  15 135 130   0 142   0  94 147  73 102   0   0 136   0   0  75   0 128   0 111  97  33  28 123  30  27  37  40  66 131  43 137   5 116   0 114
 110  78  23 136  77  86   0 120  23  41  98  25 107 139  50  20  81  12  48 119  65  27 120  91  19  14  97 123  65 123  82 137 134  38 109  22   1 143  28  22   0  14  84  75  29   7  35  44   4  71  19  16 123  53  78  92  82   5  19 114  85  40   8 148  66   0  32  91   0  10   0 118 144 144   0  89  79   0  81 103  74  55  14   8 132  82   0   0  83  35  77   0  12  45   0  68  71   0  41   0
  20  27 137 105   0  19 119  46 130   0   0 134  17 117  98 129  21  92   0  65 143  41  61  48   0 103  80  12 120  70 136  96  98   0   0  49 148 147   0  71  96  40   0  95 102  16  84  33  67  47  70  71 144  35   0  77   0 138   6  27  44 132  35  77 106  53   0  67   0 112  35  46  79   6  83   0  29   0 118  79  16   0  93   2  96   0 144 132 106 145 143  39  16  49  83  25 126  11  43  71
 114  78 108  99 117  99  51  96   0   7   0  98  66 132  28 101 101 124   4 102 124   0  50  89 110 129  92  64  48  41  25   0  62   0  46  55  74  42  48  87 134  13 141 127  66  91 133  23  35  41 130  40  47   0   6 129   0  47 102   0   0  34  32   0  63   0  74  69  89 114  82  73  49 112  60  73 135 142  54  76  18  43 119 145   0 140 113 107  99  30  94  17  78  42  47 108  11 149  71 123
   0  11  95  47  68   4 111  59 121  47  12   0  74   0 107  82  81 120 110  45   0 147  91  89  92  89  33  55 143   0  53 101   0 110   0 119  51   1 129   0 127 137  74  99  44  81 110  55 130   8 141 149 136   0  49 117  46  35  10 141  77  21  46  73  39  15  40 100  66  12  23 107  15  57  90  73 120 147  62   0  89   0 106  88 130  35  30 108  17   0  50   2  11 148  16  36  78  92   0  37
   0  12   0 110  36  87  94 144  72   0  68  23 117  57 131  12  96   0   0  86   0 143   0  81  25 143   0   0  77  32  97 149  84 102 135   0 133   7 144  73   0   7  94 108   0   9  96   0 146   5 136 140  37 112  64  70  76  51  61  64 139 118 146   0  80  10 135  49  41  29 137 137  13   1 131  82   4  88 102  51  27   0 130   0  16 107  56  53  19 143  74 142  71  81  56  94 131  97  45  97
  31  40  75  54  72  80 104 123  64   0   0  28  78   0 116  44  74  22   0 137 125  20  22   0  11 100  66 124 129   0  31  84  35 137  68  47  98   4 101  64   9  44  97  94 100  17  46 124 109 115 148  55  74  18 107 116  58   0 128 107  66  68 102   0   0 146  56  44   0 131  70  81 116 117   0   0 128  44   0  91 111  85  96 115 109  57 109  43   4  12 127   0  79  50  68  70  26  80   0  22
   5  72   9   2  85 133  78  87  65 130  12  17   9 103  50 149  17  84 136 146  73 122  14 109  22  50  49 103 110  50  72  42   4  67 145  54  29  18  94   0   2 141  34  21  67 102  48   0 138  77  33 110  33   4  32 137  15 133 141   0 137  67  82  24  99   1  78  22 143  81  86 107  48   0   0 132 122 127  12   0  38  58  51  53 119  43   0  72 114 107 142 116  61  45 110 146 147  35   0  71
   0  28 147   0   0 122  60  86   0  57  30  19 146  50 144   0  30  60  64 111  84   0   0 102  33 134  74  83  25   7   0  10 117  87 130  62  21   0  15 138  69   0  36   6 126 122  49  51  43  20 101   5   5  14 122  56 107   0 149 149   0  33 134  46 139  47  15 105  69  13  82  56 141  30   4   0  65 142  83  94   8  25   0  22   0  61 134  38 133  47 135  37  44 131 149  79  58 124  24 108
  44   0   0  75  72   0   5  84  30 106  67 126 124  23  79 112  22  31  51   0 102  13  79   0  48   3  52   8 138 149   0 128  54 135  62 100  36 134  74  23   7   1  32  25   9   0   0  53   3 145  46   0  70 140   0   0  98  90  70  77   3 107 131 100 141 121  82 134   0  40   7 148 123  50 101  42 112 139  60 113 105  43 111 141 128  19 109 130 147  76 117  46  70   0 147  30 112   0 141  71
  18 132  94 135  40  12 148  54  22 133  26  54 113  45  34 148 128   0  19  58  54  15   0  13   0  17  90   0   0  66 136 113  78   1 130  24  11 143  20 108 106  51   0 133  87 108  94 115 124  11 104   0  76 147  49  64  51  48  89  47  44 127 113 120  63  63   0 102  16  36 125   0 132   6   0  56 108 124 134   8   5 103  64   7  83  61  80   0  21 147  95  50  18 149  58  89   0 141   0 131
   0  24  53  58   0 126 119   5  90  85 145 117  90  53  30  61  31 144   0  56  37 132  72 126   0   0   0  73 148   0  23  97  51  38  14  37   0   4   0 128  49 138   0  60  28   0  70 115  73 113   0 136 104  13   5 114 132  98   0  99 134  80  22  26  52  27  87 118  45  82  94 102 109 143 133  63  14  71  37 133  60 141  93 114  38  65 125  86 139   0  46 143  81  74 121 145 149  51  13  19
   0 133 146 123 132 125   0 101 115 143  26 135   0 117  32   0  65 115 121   0  39  82  86  49   0 137   4 123  26  83  41 133   0  54  31   0  18 105  13  87 102 119  61  18  52  63   0 140 129   0  15  33 145   0 135  18 104  63 149  98  27  55  52  89 127  99  44  74  68  75   0   3  45  33  22   0   1 145 128  20 127  50  17  26   0  11 136 123 139  76  99  18 123  48  46   0   5  73 139  66
  49  60   0 115 116  75 147  69 109  11 113   8  92  86  13 103 119  99   0  38  42  38  41   0 122  58   0   0  61 103 140  11  42   0  11  18  29  15   0 119   0   9  23  47  16  40 149 123   0 124  99  39   0 114  95 147  56   0  74 142 121 124 127   0  99 134   0  83   0   0   0   0   0   0 108   0  84 100  21   0 139 107   0  22  15  16 134  99 119  76  58  82  59  78  15 104  12  86 129  13
  79 118   0   0   4 133 133 134  30   0  85 136  95  94 134  34 144  83  23  29   0  56  74  31 101  55   0  61 106  23   0 111 119  39  55  27  14   0  10  61  71   0  63  95  87 106  50   0 144 146 125   0  92 108   8 147   0 139  58  83   0  77  65   8  46  64  49  97 131 148   1   0 128 103  41  24   0  84 127  55  91   5  68  19 113 120 111  40   0  78  89  71   0  46  46   0  87 127 135  66
  72 139  79  60  59 119 126 102  95 115 109 149 101  81  24   0   0 107   0  99   7   0  53  28  13  30  46   9 148 118  27  21   0   0  56  45 144  88  46   0  42 113 138 125 102 144  23  92  41  43  49  20 103 126   0   0 112   2  39  88  11 131 128 141  37 125  74   0   6  16 104 148   0  64  90  69  91 140  24   0  97   0  74  51  62  60   9  41  98   5 108 148  94  72  91   0 107  69 120   8
  71  25  33   0   0 136  62   0  42  28 148  81 145  33  15 106  35  27  50  68 126  15  99 110 144  46   0  18  52 101  47 116  39  20   0  28   0 139   0   0  96 125  17 124 119  33  37 105  99  48  12  72  64   5 146   0  90 103  99  16  11 111   0 137  40  47  88 140  41 112  89   0  62  78   0  67  64 102 125   0   7 111   0  13 114  17  69  30  95  28   0  69 118  69   8  93  26 130  78  47
  82   0  83   0  69  95  46   0  26  10 105  34   0  76 110  32  13  45  83 120  26  54  30   7 133  90  43   3 141  79 111   0   0  40 118  54  80 119  12  39 102   0  87  13  44   9 112  62   0  78  13 137  61  44   0  84 133 123 141  32 112  70  25  97  61 113  28  34 135  37  92 121  16 137   0  89  43  28   0 129  39  94 104  11  17   0  60 138 138 114 105   0   0  11  81  59   0  57   9  60
   9 126  56 121  60   0 111  53   0 129 142  83  47 115 123 149  58  15   0  47  94   0 101 116  68 141 110  19 125   9 123  70  15  29 136   3  33   0  61  15  17  88  67   8   0  15  34  73 122   0  50 136  51   0  55  56  43 121  67 131  13  74  68  43   0   0  85  56   0  37  85  55 130  15  50  71 119 127  15  96   6   0 138  94 149 149  46 135  55  95   8  53  64 131  38  92 117  37   0  72
  38 101 109 101  44   0 109   0   0   0 127 109   0  39  92 128  51 122  39 140 119 105 127   4   7   8  35  26  53  70  32   0   0 110  45  98  28 122  64  70 100  54  24   0  79  60  22  90   0 139  25  29 149   6  95 113  33 107 131  92  81 105 145  30  42  76 124 142  27   0   0   0 120  70 106   0  37 114  95  73  67 100  85  19  53  48  50  41  92 134  66   7  91  44  89  44  94   0   0  10
  79 126  64 119  31  16  93  48  46  77   0   0  87  35   0 124  55  48  28  39  24 100  70  12  47   0   0  19  97  99  82  35  56  88  82  16  19  53 134   0   0 101   0  17   0  81   0 117 133  96  97  28  58  21 121  78   0  34  93  49  54   0  56 114  96  68  77  26  22  12 133  29  17  21   0  23  39   0  70 141 114  40  83  48   0   0  87  56 128  71  32  40  27  76  76   0 134   6  88  50
 146 107 113 119  24  44  78  56   0  18  34 144  75   0  93 104  83  38  75  21 103  16  31  28 149  77  88  51   1   3  66  76 106  88  96   0  10   9  55  51   0   0 108  67  64  60  70 109 117  38   3 112 122   0  55  45  40   0   7  90  59  19  39   1  96  59   0  36  59 137   5  64   2  33 142 116 111  65  88  81 143  79  44 124  85 134 131  98 108   0 141  81  46  95  75   0 118 135 115  99
 114  27 140 132  67  17  55  11 144  94  93  36 122 105 114  34 100  40 125   2 137  63  12  52   5 142 141  97   0  60  85 125 149  22 145  75  63 130  15 149   0  37 107 114  68 106   0 146   0   0  62 149  61   0 109   0 123  74  19 145  77  37  81 106  29  31  98  18 120  95  52   1  97  52  88   9  18   7  56   0   0   0 129   0   0  16  44   1  93  54   5  21  97  85  64 136  49  49   0  20
   2  21 132  43  68  29  41  32  11  31  68 111  17  84  25  70  35 137  42   0  15 118  79 132  79  53  68   0  45 111  66   0   0 126   0  54 147  16  45  67  65 131   0  67 139 119  64  98  71  45  37  93 133  40  18  82 128  80 125  30 114  71   0  28  56  39  57   0 117  65   6  96  49  49 108 100   0   9 119   0  97  56  70  92 105   0  54 101 103 112   0  86  88 115   3 123 117  64  99  12
